# Original quality estimate reported by SMAC:

0.031411008939943204
0.03144717561798826
0.035972246861025674
0.03536424729968686
0.029545862418864678
0.03140913970218738
0.03306755936914395
0.03312614021836497
0.03319677528618049
0.03542357201581597
0.03148467221663789
0.03132816087080039
0.03608874688473114
0.029357159354327075
0.029036682523565557
0.02961619600818429
0.03900431823772575
0.033312738826549296
0.031125864255459445
0.03312929796979156
0.029647541117728677
0.036049837594216975
0.0313217401332881
0.031398538687925054
0.03133035344790765

# Inverted:

31.835971964860043
31.799358141021255
27.79920875844582
28.277146450360185
33.845686608271485
31.837866604488962
30.24111906284567
30.1876401357984
30.12340781233323
28.229790026638717
31.761486767886876
31.9201629525612
27.709468638355297
34.06324119886639
34.439195978687344
33.76530867514703
25.63818687728735
30.01854651479538
32.12762196071716
30.184762771364323
33.729610021588556
27.73937600652097
31.926706362563188
31.848615947995388
31.9179290990981


# Maximum: 34.439195978687344
# Average: 30.918696613539936
# Variance: 5.2229931494593105
