# Original quality estimate reported by SMAC: 
0.749857
0.793045
0.572378
1.128493
0.695046
0.682738
0.576932
0.933104
0.833595
1.617884
0.497911
0.414511
0.497911
0.421349
0.839739
0.727049
0.572378
0.529329
0.708064
0.634435
0.727645
0.427673
0.460834
0.681537
0.543368
1.033995
0.739285
0.655931
2.477193
0.497911
0.796484
0.58659
0.421349
0.576222
2.032496
1.349291
0.411857
0.424606
0.500846
0.40377
0.580283
0.421349
0.582983
1.339898
0.428739
2.158893
0.96962
1.0092
0.998155
0.758573
0.43691
0.897585
0.560122
1.554932
1.708088
0.973276
0.465442
0.448188
0.562987
1.087689
0.599592
2.06012
2.06012
0.542042
1.307104
1.981967
1.149395
0.767915
0.42175
0.448188
0.546393
0.814353
0.803932
0.716395
0.414511
2.418772
0.406803
1.366808
0.9523
0.524635
0.495372
0.815453
1.020601
0.707949
1.95896
2.095746
0.71598
0.815453
0.58659
0.716395
1.067289
0.587157
0.512834
0.543368
0.465442
1.010253
0.712649
0.717015
0.96962
0.417782

# Inverted:
1.333587604036503
1.2609624926706555
1.7470971980055137
0.8861375303169803
1.4387536940001093
1.464690701264614
1.7333065248590822
1.0716919014386392
1.1996233182780607
0.6180912846656497
2.008391057839654
2.4124812128025552
2.008391057839654
2.373329472717391
1.1908462034036766
1.375423114535609
1.7470971980055137
1.8891842313570575
1.4123017128395172
1.5762056002584979
1.3742965319627016
2.33823505341698
2.1699787776075548
1.4672717695444268
1.84037337495031
0.9671226650032156
1.3526583117471611
1.524550600596709
0.4036827166877994
2.008391057839654
1.2555180016171072
1.7047682367582129
2.373329472717391
1.735442242746719
0.49200588832647146
0.7411299712219233
2.4280272036167894
2.355124515433131
1.9966217160564326
2.4766575030339055
1.7232970809070747
2.373329472717391
1.7153158839966174
0.7463254665653654
2.3324213565829095
0.46320035314394925
1.0313318619665435
0.9908838684106221
1.0018484103170349
1.3182646890938643
2.2888008972099514
1.1141006144264889
1.7853253398366784
0.64311494007455
0.5854499299801884
1.0274577817597474
2.1484954086653114
2.2312065472524925
1.7762399487021903
0.9193804479037667
1.6678007711910765
0.4854086169737685
0.4854086169737685
1.8448754893532235
0.7650500648762455
0.5045492684792431
0.8700229251040765
1.3022274600704504
2.3710729104919976
2.2312065472524925
1.8301845008995357
1.227968706445485
1.2438862988411956
1.3958779723476573
2.4124812128025552
0.4134329320828916
2.4581922945504333
0.7316316556531715
1.0500892575868948
1.906087089119102
2.0186849478775546
1.2263122460767206
0.9798148345925586
1.4125311286547477
0.5104749458896557
0.4771570600635764
1.396687058297718
1.2263122460767206
1.7047682367582129
1.3958779723476573
0.9369533462820286
1.703121992925231
1.9499487163487599
1.84037337495031
2.1484954086653114
0.9898510571114364
1.4032153276016666
1.3946709622532305
1.0313318619665435
2.3935928307107535


# Maximum: 2.4766575030339055
# Average: 1.473061991680779
# Variance: 0.35132827053151836

# The SMAC output was preprocessed using the Haskell script below:
# map ((1/) . (read :: String -> Double) . takeWhile (/= ',')) $
#   map (head . (dropWhile (==":")) . words. drop 86) $ lines c
